Version 0.9.7
5
 4 8 175 77 128 0 1
 5 80 400 206 81 2 2
 0 110 110 877 276 8 3
 3 159 -2 203 58 150 5
 1 194 417 206 81 159 6
 0
12
 16711680 5 176 137 176 137 170 137 170 371 176 371 176 371 0 3 0 3
 16711680 5 228 137 223 137 223 104 154 104 154 35 170 35 0 3 0 5
 16711680 5 69 288 62 288 62 381 163 381 163 371 163 371 0 1 0 3
 16711680 5 209 486 209 491 182 491 182 371 189 371 189 371 0 6 0 3
 255 5 69 189 64 189 64 111 163 111 163 124 163 124 0 1 0 3
 255 5 189 124 189 124 185 124 185 358 189 358 189 358 0 3 0 3
 255 5 293 176 293 176 289 176 289 124 293 124 293 124 0 3 0 3
 255 5 209 428 209 428 207 428 207 358 215 358 215 358 0 6 0 3
 16711680 5 371 319 371 319 366 319 366 371 371 371 371 371 0 3 0 3
 4227327 5 293 280 293 286 261 286 261 428 250 428 250 428 0 3 0 6
 4227327 5 306 280 311 280 311 414 269 414 269 428 269 428 0 3 0 6
 4227327 5 319 280 319 272 387 272 387 42 345 42 345 42 0 3 0 5
1
 7000 1 14 287 228 5 0 0 0 3
