Version 0.9.7
5
 4 10 175 77 128 0 1
 5 80 400 206 81 2 2
 0 110 110 877 276 8 3
 3 227 6 203 58 140 4
 1 225 397 206 81 159 6
 0
12
 16711680 5 371 319 371 319 366 319 366 371 371 371 371 371 0 3 0 3
 16711680 5 163 371 163 371 163 378 61 378 61 288 71 288 0 3 0 1
 16711680 5 176 371 176 371 170 371 170 137 176 137 176 137 0 3 0 3
 16711680 5 238 43 238 43 212 43 212 137 215 137 215 137 0 4 0 3
 255 5 71 189 61 189 61 118 163 118 163 124 163 124 0 1 0 3
 255 5 189 124 189 124 182 124 182 358 189 358 189 358 0 3 0 3
 255 5 293 176 293 176 287 176 287 124 293 124 293 124 0 3 0 3
 65280 5 300 408 300 402 325 402 325 319 319 319 319 319 0 6 0 3
 65280 5 281 408 281 397 312 397 312 319 306 319 306 319 0 6 0 3
 33023 5 293 280 293 284 264 284 264 57 273 57 273 50 0 3 0 4
 16711680 5 240 466 240 466 240 472 197 472 197 371 202 371 0 6 0 3
 255 5 240 408 240 408 235 408 235 358 241 358 241 358 0 6 0 3
1
 7002 1 14 287 228 5 0 0 0 3
