Version 0.9.7
5
 4 10 175 77 128 0 1
 5 80 400 206 81 2 2
 0 110 110 877 276 8 3
 3 204 5 203 58 140 4
 1 231 387 206 81 169 7
 0
11
 8404992 5 163 137 101 137 101 382 58 382 58 249 71 249 0 3 0 1
 255 5 71 228 71 228 58 228 58 115 163 115 163 124 0 1 0 3
 255 5 246 398 246 389 210 389 210 124 215 124 215 124 0 7 0 3
 8388608 5 246 456 246 467 223 467 223 137 228 137 228 137 0 7 0 3
 8388608 5 215 42 215 68 236 68 236 141 254 141 254 137 0 4 0 3
 8388608 5 176 137 176 137 169 137 169 371 176 371 176 371 0 3 0 3
 8388608 5 488 319 488 319 482 319 482 371 488 371 488 371 0 3 0 3
 255 5 189 124 189 124 182 124 182 358 189 358 189 358 0 3 0 3
 255 5 410 176 410 176 405 176 405 124 410 124 410 124 0 3 0 3
 4227327 5 410 319 410 319 410 326 287 326 287 398 287 398 0 3 0 7
 65280 5 250 49 260 49 260 285 423 285 423 280 423 280 0 4 0 3
1
 7004 1 14 404 228 5 0 0 0 3
