Version 0.9.7
5
 4 10 175 77 128 0 1
 5 80 400 206 81 2 2
 0 96 119 877 276 8 3
 1 213 404 206 81 291 7
 3 186 10 203 58 301 8
 0
12
 8454143 5 279 328 279 328 273 328 273 415 269 415 269 415 0 3 0 7
 8454143 5 292 328 292 328 287 328 287 415 288 415 288 415 0 3 0 7
 8454143 5 305 289 305 289 305 294 229 294 229 54 232 54 0 3 0 8
 255 5 71 189 71 189 71 126 149 126 149 133 149 133 0 1 0 3
 255 5 162 133 162 133 159 133 159 367 162 367 162 367 0 3 0 3
 255 5 228 415 228 415 224 415 224 367 214 367 214 367 0 7 0 3
 16711680 5 71 288 71 288 71 380 71 380 149 380 149 380 0 1 0 3
 16711680 5 175 380 175 380 172 380 172 146 175 146 175 146 0 3 0 3
 16711680 5 228 473 228 477 211 477 211 380 201 380 201 380 0 7 0 3
 16711680 5 357 328 357 328 354 328 354 380 357 380 357 380 0 3 0 3
 16711680 5 214 146 214 153 188 153 188 47 197 47 197 47 0 3 0 8
 255 5 266 133 266 133 269 133 269 185 279 185 279 185 0 3 0 3
1
 7008 1 14 273 237 5 0 0 0 3
