Version 0.9.7
5
 4 10 175 77 128 0 1
 5 80 400 206 81 2 2
 0 103 147 877 276 8 3
 3 143 1 203 58 140 4
 1 211 448 206 81 159 6
 0
12
 255 5 156 161 156 161 156 151 71 151 71 189 71 189 0 3 0 1
 255 5 169 161 169 152 165 152 165 395 169 395 169 395 0 3 0 3
 255 5 226 459 226 459 217 459 217 395 221 395 221 395 0 6 0 3
 255 5 260 213 260 213 256 213 256 161 260 161 260 161 0 3 0 3
 16711680 5 71 288 71 288 71 415 156 415 156 408 156 408 0 1 0 3
 16711680 5 182 174 182 174 176 174 176 408 182 408 182 408 0 3 0 3
 16711680 5 226 517 226 524 202 524 202 408 195 408 195 408 0 6 0 3
 16776960 5 260 356 260 356 257 356 257 460 267 460 267 459 0 3 0 6
 16776960 5 273 356 276 356 276 460 286 460 286 459 286 459 0 3 0 6
 16776960 5 286 317 286 317 286 321 213 321 213 45 209 45 0 3 0 4
 16711680 5 338 356 338 356 334 356 334 408 338 408 338 408 0 3 0 3
 16711680 5 195 174 189 174 189 59 149 59 149 38 154 38 0 3 0 4
1
 7032 1 14 254 265 5 0 0 0 3
