Version 0.9.7
5
 4 10 175 77 128 0 1
 5 80 400 206 81 2 2
 0 98 131 877 276 8 3
 1 236 417 206 81 140 4
 3 154 5 203 58 150 5
 0
12
 16711680 5 151 392 151 392 151 412 71 412 71 288 71 288 0 3 0 1
 16711680 5 251 486 251 497 196 497 196 392 203 392 203 392 0 4 0 3
 16711680 5 177 392 177 392 173 392 173 158 177 158 177 158 0 3 0 3
 16711680 5 165 42 165 68 185 68 185 158 190 158 190 158 0 5 0 3
 16711680 5 372 340 372 340 368 340 368 392 372 392 372 392 0 3 0 3
 255 5 151 145 151 136 64 136 64 189 71 189 71 189 0 3 0 1
 255 5 164 379 164 379 159 379 159 145 164 145 164 145 0 3 0 3
 255 5 251 428 251 428 213 428 213 379 216 379 216 379 0 4 0 3
 255 5 294 197 294 197 290 197 290 145 294 145 294 145 0 3 0 3
 8454143 5 294 340 294 340 288 340 288 428 292 428 292 428 0 3 0 4
 8454143 5 307 340 307 340 304 340 304 428 311 428 311 428 0 3 0 4
 8454143 5 320 301 274 301 274 68 200 68 200 49 200 49 0 3 0 5
1
 7086 1 14 288 249 5 0 0 0 3
